wave1
1:
<path
             d="m 0,0 c 2.758,4.181 6.072,6.238 9.928,1.664 1.217,-1.443 3.093,-2.493 5.054,-2.149 2.11,0.369 3.463,1.692 4.858,3.238 1.305,1.447 2.221,2.787 4.53,0.994 0.97,-0.752 0.688,-2.656 1.205,-3.68 1.958,-3.876 6.133,-2.333 7.509,1.106 0.781,1.952 2.528,5.342 4.985,2.939 1.008,-0.985 1.61,-2.622 2.322,-3.825 0.969,-1.639 2.299,-2.851 4.198,-3.195 1.575,-0.285 2.249,2.123 0.664,2.411 C 40.265,0.407 41.249,9.216 34.582,7.016 31.924,6.139 31.477,3.537 30.394,1.296 28.735,-2.133 26.946,4.468 26.832,4.663 26.255,5.649 25.22,6.27 24.25,6.801 18.565,9.917 16.039,-3.264 10.959,4.595 6.989,10.735 0.543,5.358 -2.158,1.262 -3.049,-0.088 -0.883,-1.339 0,0"
             style="fill:#ffffff;fill-opacity:1;fill-rule:nonzero;stroke:none"
             id="wave1" /></g>

2:
<path
             d="m 0,4.4399951 c 2.758,-4.18099999 6.072,-6.238 9.928,-1.664 1.217,1.443 3.093,2.493 5.054,2.149 2.11,-0.369 3.463,-1.692 4.858,-3.238 1.305,-1.44699999 2.221,-2.787 4.53,-0.99399999 0.97,0.75199999 0.688,2.65599999 1.205,3.67999999 1.958,3.876 6.133,2.333 7.509,-1.106 0.781,-1.952 2.528,-5.342 4.985,-2.93899999 1.008,0.98499999 1.61,2.62199999 2.322,3.82499999 0.969,1.639 2.299,2.851 4.198,3.195 1.575,0.285 2.249,-2.123 0.664,-2.411 -4.988,-0.904 -4.004,-9.713 -10.671,-7.513 -2.658,0.877 -3.105,3.47900001 -4.188,5.72 -1.659,3.429 -3.448,-3.17199999 -3.562,-3.36699999 C 26.255,-1.2090049 25.22,-1.8300049 24.25,-2.3610049 c -5.685,-3.116 -8.211,10.065 -13.291,2.20600001 -3.97,-6.14000001 -10.416,-0.763 -13.117,3.33299999 -0.891,1.35 1.275,2.601 2.158,1.262"
             style="fill:#ffffff;fill-opacity:1;fill-rule:nonzero;stroke:none"
             id="wave1"
             inkscape:connector-curvature="0" /></g>

**********************************************************************************************************************************
wave2
1:
<path
             d="m 0,0 c 2.682,2.276 5.527,3.832 7.617,0.066 0.688,-1.238 2.323,-1.191 3.499,-1.099 3.485,0.271 4.037,7.494 7.006,2.647 2.132,-3.482 6.138,-0.196 8.426,0.501 3.588,1.093 6.535,-3.259 10.567,-2.437 C 38.694,0 38.024,2.41 36.451,2.089 33.866,1.562 30.999,4.217 28.689,4.945 27.32,5.376 25.722,4.477 24.451,4.089 23.742,3.873 23.14,3.401 22.559,2.963 20.357,1.298 19.822,4.193 19.358,5.181 18.932,6.089 17.564,6.406 16.689,6.275 14.591,5.96 13.697,5.359 12.517,3.643 11.869,2.7 9.817,0.755 9.275,2.706 9.108,3.304 8.783,3.7 8.333,4.101 4.663,7.372 1.057,4.165 -1.768,1.768 -2.999,0.723 -1.221,-1.037 0,0"
             style="fill:#ffffff;fill-opacity:1;fill-rule:nonzero;stroke:none"
             id="wave2" /></g>

2:                          
<path
             d="m 0,5.2289728 c 2.682,-2.276 5.527,-3.832 7.617,-0.066 0.688,1.238 2.323,1.191 3.499,1.099 3.485,-0.271 4.037,-7.494 7.006,-2.647 2.132,3.482 6.138,0.196 8.426,-0.501 3.588,-1.093 6.535,3.259 10.567,2.437 1.579,-0.322 0.909,-2.732 -0.664,-2.411 -2.585,0.527 -5.452,-2.128 -7.762,-2.85599995 -1.369,-0.431 -2.967,0.468 -4.238,0.85599995 -0.709,0.216 -1.311,0.688 -1.892,1.126 -2.202,1.665 -2.737,-1.23 -3.201,-2.21799995 -0.426,-0.908 -1.794,-1.22500005 -2.669,-1.09400005 -2.098,0.31500005 -2.992,0.91600005 -4.172,2.632 -0.648,0.943 -2.7,2.888 -3.242,0.937 -0.167,-0.598 -0.492,-0.994 -0.942,-1.395 -3.67,-3.271 -7.276,-0.064 -10.101,2.333 -1.231,1.045 0.547,2.805 1.768,1.768"
             style="fill:#ffffff;fill-opacity:1;fill-rule:nonzero;stroke:none"
             id="wave2"
             inkscape:connector-curvature="0" /></g>


**********************************************************************************************************************************
wave3
1:
<path
             d="m 0,0 c 2.232,3.823 4.594,4.519 8.574,3.276 1.965,-0.614 4.653,-2.692 6.867,-2.524 1.939,0.147 3.719,0.698 5.389,1.699 0.779,0.467 1.887,1.453 2.555,1.934 4.083,2.941 4.803,-1.604 6.266,-3.156 2.553,-2.707 5.831,-2.137 8.195,0.435 2.506,2.725 5.046,6.107 9.189,3.84 2.415,-1.321 4.165,-4.062 6.335,-5.757 1.255,-0.98 3.037,0.776 1.768,1.768 C 51.855,4.08 48.396,9.824 43.447,8.727 40.938,8.17 38.853,7.087 37.284,5.012 35.11,2.135 31.905,2.443 30.021,5.246 29.527,5.979 28.478,6.97 27.586,7.169 25.073,7.73 23.378,7.447 21.271,5.93 19.413,4.591 17.437,2.934 14.91,3.349 13.456,3.588 11.814,4.751 10.384,5.283 4.784,7.364 0.926,6.544 -2.158,1.262 -2.973,-0.133 -0.812,-1.391 0,0"
             style="fill:#ffffff;fill-opacity:1;fill-rule:nonzero;stroke:none"
             id="wave3" /></g>
2:
<path
             d="m 0,8.2598169 c 2.232,-3.823 4.594,-4.519 8.574,-3.276 1.965,0.614 4.653,2.692 6.867,2.524 1.939,-0.147 3.719,-0.698 5.389,-1.699 0.779,-0.467 1.887,-1.453 2.555,-1.934 4.083,-2.94100003 4.803,1.604 6.266,3.156 2.553,2.707 5.831,2.137 8.195,-0.435 2.506,-2.725 5.046,-6.10700003 9.189,-3.84 2.415,1.321 4.165,4.062 6.335,5.757 1.255,0.98 3.037,-0.776 1.768,-1.768 -3.283,-2.565 -6.742,-8.309 -11.691,-7.21200003 -2.509,0.557 -4.594,1.64000003 -6.163,3.71500003 -2.174,2.877 -5.379,2.569 -7.263,-0.234 -0.494,-0.733 -1.543,-1.724 -2.435,-1.923 -2.513,-0.56100003 -4.208,-0.27800003 -6.315,1.239 -1.858,1.339 -3.834,2.996 -6.361,2.581 -1.454,-0.239 -3.096,-1.402 -4.526,-1.934 -5.6,-2.08100003 -9.458,-1.261 -12.542,4.021 -0.815,1.395 1.346,2.653 2.158,1.262"
             style="fill:#ffffff;fill-opacity:1;fill-rule:nonzero;stroke:none"
             id="wave3"
             inkscape:connector-curvature="0" /></g>



**********************************************************************************************************************************
wave4
1:
<path
             d="m 0,0 c 3.502,6.691 8.769,-0.166 13.731,-0.594 4.836,-0.418 7.521,6.176 12.524,1.75 2.323,-2.055 5.016,-1.62 7.296,0.157 3.316,2.587 5.428,2.683 8.519,-0.248 1.535,-1.455 3.145,-2.418 5.184,-2.973 1.559,-0.424 2.219,1.988 0.665,2.411 C 42.868,1.878 41.42,7.048 35.588,5.836 33.032,5.305 31.671,1.218 28.516,2.58 26.101,3.623 25.617,5.156 22.703,5.256 20.806,5.321 18.958,4.281 17.386,3.355 13.467,1.049 10.734,2.819 7.211,4.811 2.93,7.233 -0.058,5.276 -2.159,1.262 -2.906,-0.165 -0.748,-1.429 0,0"
             style="fill:#ffffff;fill-opacity:1;fill-rule:nonzero;stroke:none"
             id="wave4" /></g>


2:
<path
             d="m 0,4.0607331 c 3.502,-6.691 8.769,0.166 13.731,0.594 4.836,0.418 7.521,-6.176 12.524,-1.75 2.323,2.055 5.016,1.62 7.296,-0.157 3.316,-2.587 5.428,-2.683 8.519,0.248 1.535,1.455 3.145,2.418 5.184,2.973 1.559,0.424 2.219,-1.988 0.665,-2.411 -5.051,-1.375 -6.499,-6.545 -12.331,-5.333 -2.556,0.531 -3.917,4.618 -7.072,3.256 -2.415,-1.043 -2.899,-2.576 -5.813,-2.676 -1.897,-0.065 -3.745,0.975 -5.317,1.901 -3.919,2.306 -6.652,0.536 -10.175,-1.456 -4.281,-2.422 -7.269,-0.465 -9.37,3.549 -0.747,1.427 1.411,2.691 2.159,1.262"
             style="fill:#ffffff;fill-opacity:1;fill-rule:nonzero;stroke:none"
             id="wave4"
             inkscape:connector-curvature="0" /></g>

**********************************************************************************************************************************
wave5
1:
<path
             d="m 0,0 c 2.342,2.368 5.034,5.205 8.79,3.241 1.124,-0.587 2.135,-1.665 3.239,-2.325 1.75,-1.048 3.797,-1.073 5.679,-0.506 2.128,0.641 3.903,2.384 5.834,3.436 4.461,2.429 5.43,-2.451 8.172,-4.26 5.718,-3.77 6.578,4.27 10.817,5.554 3.76,1.138 6.25,-6.686 10.585,-6.84 1.613,-0.057 1.608,2.444 0,2.5 C 48.635,0.958 48.081,8.398 42.76,7.672 40.151,7.316 38.456,6.135 37.111,3.897 34.375,-0.654 32.006,4.332 29.414,5.963 23.356,9.774 19.639,1.351 14.115,2.756 10.972,3.555 9.597,6.165 6.116,6.467 2.997,6.738 0.166,3.722 -1.768,1.768 -2.902,0.621 -1.135,-1.147 0,0"
             style="fill:#ffffff;fill-opacity:1;fill-rule:nonzero;stroke:none"
             id="wave5" /></g>


2:
<path
             d="m 0,6.0208998 c 2.342,-2.368 5.034,-5.20500002 8.79,-3.241 1.124,0.587 2.135,1.665 3.239,2.325 1.75,1.048 3.797,1.073 5.679,0.506 2.128,-0.641 3.903,-2.384 5.834,-3.436 4.461,-2.42900002 5.43,2.451 8.172,4.26 5.718,3.7700002 6.578,-4.27 10.817,-5.55400002 3.76,-1.138 6.25,6.68600002 10.585,6.84000002 1.613,0.057 1.608,-2.444 0,-2.5 -4.481,-0.158 -5.035,-7.598 -10.356,-6.872 -2.609,0.356 -4.304,1.53699998 -5.649,3.775 -2.736,4.551 -5.105,-0.435 -7.697,-2.06600002 -6.058,-3.81099998 -9.775,4.61200002 -15.299,3.20700002 -3.143,-0.799 -4.518,-3.40900002 -7.999,-3.71100002 -3.119,-0.271 -5.95,2.74500002 -7.884,4.69900002 -1.134,1.147 0.633,2.915 1.768,1.768"
             style="fill:#ffffff;fill-opacity:1;fill-rule:nonzero;stroke:none"
             id="wave5"
             inkscape:connector-curvature="0" /></g>